> plot_aggregate_to_click(train_set)
[1] Aggregate click - C1               
---rare_index----[1] 1
	C1 summary.avg summary.count
2  1005  19.8392250    94.0572145
1  1002  19.2619160     5.8171077
21 RARE  11.5497122     0.1256778
[1] Aggregate click - banner_pos       
---rare_index----[1] 3
banner_pos summary.avg summary.count
1          0 20.06743304   60.30943390
2          1 19.39387007   39.60411394
3       RARE 11.38894115    0.08645216
[1] Aggregate click - site_domain      
---rare_index----[1] 7725
	site_domain summary.avg summary.count
3667    7687a86e   45.983576      5.100025
726     17d996e6   32.872455      1.397782
4673    98572c79   27.436959      3.940416
2517    510bd839   26.826583      1.066224
3894    7e091613   25.835727     13.143764
5987    c4342784   25.534057      1.024970
2823    5b626596   24.577808      1.051001
418     0dde25ec   24.331530      1.100208
7339    f3845767   20.563262     25.639766
1295    28f93029   17.603105      1.248524
687     16a36ef3   14.226130      3.382529
5773    bd6d812f   12.141846      1.228435
4971    a17bde68   11.949242      1.025199
4842    9d54950b   11.234906      1.485898
4616    968765cd   10.593739      1.358659
2860    5c9ae867    8.510615      1.062310
5418    b12b9f85    7.485726      1.478126
2737    58a89a43    4.275543      3.027569
6421    d262cf1e    2.208533      1.146058
4           RARE   18.862532     30.092538
[1] Aggregate click - site_category    
---rare_index----[1] 15
site_category summary.avg summary.count
4       3e814130   28.347638     12.033133
2       28905ebd   20.803048     29.160389
6       50e219e0   19.241395      5.823682
18      f028772b   17.990436     49.894929
41          RARE    8.108489      3.087868
[1] Aggregate click - app_domain       
app_domain summary.avg summary.count
1   7801e8d9    19.79522     100.00000
[1] Aggregate click - app_category     
app_category summary.avg summary.count
1     07d7df22    19.79522     100.00000
[1] Aggregate click - device_model     
---rare_index----[1] 6330
	device_model summary.avg summary.count
3306     84ebbcd4   29.237708      1.251513
6268     fce66524   29.200262      1.002118
2961     779d90c2   26.622812      1.094875
4894     c6263d8a   25.603912      1.219130
716      1f0bc64f   24.610637      3.680020
5359     d787e91b   24.365849      4.211841
1924     4ea23a13   22.720576      1.795039
3036     7abbbd5c   22.603517      1.149620
1465     3bd9e8e7   22.467010      1.195542
2790     711ee120   21.697167      1.671464
348      0eb711ec   20.584100      1.029093
1973     5096d134   20.498690      1.196467
5886     ecb851b2   19.069584      1.716536
2936     76dc4769   18.732433      2.829606
663      1ccc7835   18.400151      1.155621
4701     be6db1d7   17.602062      2.254160
4013     a0f5f879   16.913352      2.087992
5289     d4897fef   16.278044      1.506110
3440     8a4875bd   13.716818      9.379838
1458     3bb1ddd7    7.927802      1.068105
139          RARE   23.126315     57.505312
[1] Aggregate click - device_type      
---rare_index----[1] 1
device_type  summary.avg summary.count
2            1 1.982818e+01  9.418277e+01
1            0 1.926192e+01  5.817108e+00
21        RARE 6.451613e+00  1.225431e-04
[1] Aggregate click - device_conn_type 
device_conn_type summary.avg summary.count
2                2   21.866437      3.980076
1                0   19.709371     96.019924
[1] Aggregate click - C14              
---rare_index----[1] 1981
	C14 summary.avg summary.count
177  17654   39.802073      1.200717
176  17653   39.542195      1.190723
1922  4687   31.198682      2.044663
153  16920   27.022826      1.014815
423  20108   24.842445      2.295078
117  15701   21.917171      1.733558
121  15705   21.854817      1.730925
120  15704   21.331726      1.705602
115  15699   21.019565      1.710753
124  15708   20.805673      1.712551
123  15707   20.775410      1.701289
1224 22676   20.421143      1.345630
119  15703   20.206664      1.705803
147  16615   19.746197      1.432283
166  17239   18.153756      1.347183
118  15702   17.237004      1.648188
122  15706   15.519874      1.615268
1980  8330   15.098497      2.052624
389  19950   12.441823      2.088557
137  16208   12.220512      2.595901
381  19771   11.327934      2.757207
382  19772   11.063637      2.753365
769   RARE   12.462363     60.617317
[1] Aggregate click - C15              
---rare_index----[1] 2
	C15 summary.avg summary.count
3   300 40.81120761    7.45284029
4   320 18.17073473   91.42117468
2   216 13.12169273    1.07123990
31 RARE  2.19409932    0.05474513
[1] Aggregate click - C16              
---rare_index----[1] 3
	C16 summary.avg summary.count
2   250 43.73656814    6.62727553
5    50 18.16316398   92.24419371
3    36 13.12169273    1.07123990
21 RARE  7.82919251    0.05729086
[1] Aggregate click - C17              
---rare_index----[1] 324
	C17 summary.avg summary.count
60  2162   50.057368      1.057701
47  1994   39.672677      2.391440
46  1993   36.028019      1.959373
327  423   31.198682      2.044663
247 2647   30.876740      1.136160
29  1872   30.095349      2.748273
34  1899   27.022826      1.014815
106 2374   25.556875      1.118731
89  2299   24.842445      2.295078
180 2545   22.764553      2.747760
227 2616   20.421143      1.345630
150 2502   20.123459      3.041776
19  1722   20.112191     15.305159
43  1973   18.153756      1.347183
28  1863   17.339099      1.753410
98  2333   16.507698      1.662743
339  761   15.098427      2.052660
169 2528   13.397263      3.185649
25  1800   12.309640      4.697242
196 2566   11.902455      1.207642
167 2526   11.839813      2.221362
69  2227   11.197622      5.549217
155 2507    8.783524      1.018052
261 RARE   13.446934     37.098282
[1] Aggregate click - C18              
C18 summary.avg summary.count
3   2   31.932938     21.324281
1   0   17.018378     49.067637
4   3   16.225324     28.171881
2   1    4.474305      1.436201
[1] Aggregate click - C19              
---rare_index----[1] 43
	C19 summary.avg summary.count
2  1063   35.645862      2.054225
28   39   26.474492     25.407997
36  431   25.723056      1.581351
7  1327   24.034140      2.383399
50  687   18.743248      1.427073
26   35   18.413677     33.753916
38   47   18.160129      2.593007
13  167   16.360839     10.839828
17  175   14.753563      2.144314
54  935   11.893144      2.784285
47  679   10.600607      2.568894
12  163    9.142608      1.778776
4  RARE   11.801363     10.682933
[1] Aggregate click - C20              
---rare_index----[1] 158
	C20 summary.avg summary.count
110 100148   26.537427      4.193017
66  100084   22.893687      8.607247
1       -1   21.322557     48.810368
65  100083   20.435755      3.789036
63  100081   18.834393      5.071654
60  100077   17.480732      6.009149
57  100074   16.337692      2.232794
58  100075   16.321814      5.720730
59  100076   14.602062      1.544296
62  100079   13.747389      2.121857
87  100111   11.284666      1.281567
117 100156    9.574454      2.930384
56    RARE   19.195551      7.687902
[1] Aggregate click - C21              
---rare_index----[1] 41
	C21 summary.avg summary.count
35    33   39.391904      5.919854
42    52   26.917170      4.175129
34    32   25.915031      4.279900
17    16   25.895545      1.322346
11   117   23.719502      1.291636
29    23   22.035715     25.464438
41    51   21.147957      2.707012
49    79   19.928981     15.620652
28   221   17.611716     14.522311
40    48   13.200544      7.408879
37    42   11.572307      2.480979
15   157   11.554342      3.824795
43    61    7.168982      1.350994
38    43    6.215606      1.045170
26   212    4.085388      1.499579
351 RARE    8.787125      7.086326