> plot_aggregate_to_click(train_set)
[1] Aggregate click - C1               
---rare_index----[1] 4
	C1 summary.avg summary.count
2  1002  24.6305281     4.9514798
3  1005  11.7521895    88.2037683
6  1010   9.5215378     5.9706092
21 RARE   9.7285311     0.8741428
[1] Aggregate click - banner_pos       
---rare_index----[1] 4
banner_pos summary.avg summary.count
1          0  12.4181990    91.5491273
2          1   9.9420531     8.1189545
3       RARE  34.8220312     0.3319182
[1] Aggregate click - site_domain      
site_domain summary.avg summary.count
1    c4e18dd6    12.27501     100.00000
[1] Aggregate click - site_category    
---rare_index----[1] 17
site_category summary.avg summary.count
6       50e219e0  12.2336664    99.5523647
16          RARE   8.0298756     0.4476353
[1] Aggregate click - app_domain       
---rare_index----[1] 546
	app_domain summary.avg summary.count
408   b8d325c3   23.234644      3.529006
242   6f7ca2ba   22.672711      1.494210
201   5c5a694b   19.455681      7.462645
411   b9528b13   18.087940      4.270448
255   7801e8d9   15.477826     12.819802
76    2347f47a   13.811389     34.635048
111   33da2e74   11.995916      1.715137
479   d9b5648e   11.104123      4.718057
381   aefc06bd    7.152348      1.974453
20    0e8616ad    7.080286      4.365063
283   82e27996    4.821077      5.016773
491   df32afa9    2.788660      1.926428
379   ae637522    2.378154     12.436363
15        RARE   14.954743      3.636568
[1] Aggregate click - app_category     
---rare_index----[1] 31
app_category summary.avg summary.count
35     f95efa07   24.758753      7.544890
1      07d7df22   23.397907      5.738693
5      0f2161f8   10.811774     63.185454
30     cef3e649    9.324043     11.443133
22     8ded1f7a    8.997810      9.696552
23         RARE    7.256520      2.391278
[1] Aggregate click - device_model     
---rare_index----[1] 7489
	device_model summary.avg summary.count
5518     be6db1d7   22.935259      1.141131
858      1f0bc64f   18.372457      3.262037
2271     4ea23a13   17.508819      1.262631
6315     d787e91b   16.179752      2.244884
6953     ecb851b2   15.769635      1.181702
5519     be74e6fe   14.821342      1.301139
3587     7abbbd5c   12.754336      2.285600
2335     5096d134   10.929307      1.140589
4993     aad45b01   10.499200      1.942077
7024     ef726eae    9.026601      1.060341
7054     f07e20f8    8.853360      2.077904
4484     99e427c9    6.652216      1.695119
1579     36b67a2a    5.110998      1.927247
1313     2ea4f8ba    4.657083      1.427846
1087     2692a96a    2.675230      1.077299
345      0bcabeaf    2.102556      2.328437
2125     496515fa    1.806179      1.512589
4438     981edffc    1.742674      2.388727
6616     e1eae715    1.736551      2.783038
44           RARE   15.490862     65.959663
[1] Aggregate click - device_type      
---rare_index----[1] 1
device_type summary.avg summary.count
1           0  24.6305281     4.9514798
2           1  11.7727772    89.0779110
3           4   9.5444495     5.1168739
4        RARE   9.3842164     0.8537353
[1] Aggregate click - device_conn_type 
---rare_index----[1] 1
device_conn_type summary.avg summary.count
1                0   14.452073     70.028032
2                2    9.895854     15.269851
3                3    4.404261     14.418673
4             RARE    2.961063      0.283444
[1] Aggregate click - C14              
---rare_index----[1] 2407
	C14 summary.avg summary.count
624  20633   27.849290      1.126414
2354  4687   17.422710      2.848133
218  16688   14.576079      1.083689
227  17016   14.232155      1.048815
941  21790   12.493359      1.181669
922  21768   11.706323      1.890345
921  21767   11.581151      1.897594
459  19251    8.524462      1.214513
2187 23804    7.595581      2.686664
1848 23143    6.862883      1.221697
1849 23144    6.421031      1.203153
797  21611    5.582004      5.994050
659  21189    1.988482      5.061950
661  21191    1.966984      5.056127
40    RARE   14.176901     66.485187
[1] Aggregate click - C15              
---rare_index----[1] 6
C15 summary.avg summary.count
4  300  15.5965942     2.9866495
5  320  12.1971801    96.3665577
8 RARE  18.6410349     0.6467928
[1] Aggregate click - C16              
---rare_index----[1] 8
C16 summary.avg summary.count
7   50   12.155489     97.816451
2 RARE   19.345513      2.183549
[1] Aggregate click - C17              
---rare_index----[1] 379
	C17 summary.avg summary.count
305 2667   28.512740      1.655289
32   178   27.305470      1.664217
61  2060   26.572322      1.025031
119 2374   25.077004      3.128193
3    112   21.654961      1.610945
79  2229   19.308862      1.072468
381  423   17.422710      2.848133
186 2513   16.455526      1.427265
41  1873   14.119444      3.110436
8    122   13.889798      1.555452
314 2676   13.467916      3.088673
27  1722   12.011638      4.240828
179 2506   11.652981      3.830888
89  2281   10.060685      1.033464
73  2201    8.524462      1.214513
180 2507    8.475237      1.254707
355 2726    7.595581      2.686664
303 2665    6.676109      2.449586
58  2036    5.899279      1.313709
158 2480    5.608368      6.071100
128 2424    1.977725     10.118150
226 RARE   13.146352     43.600289
[1] Aggregate click - C18              
C18 summary.avg summary.count
3   2   21.866676     11.377450
4   3   12.815722     43.138049
1   0   12.542783     29.912570
2   1    3.254716     15.571931
[1] Aggregate click - C19              
---rare_index----[1] 48
	C19 summary.avg summary.count
7  1319   22.820071      1.972648
8  1327   22.156690      3.236026
57  687   19.002198      1.286620
35   39   18.908601     15.873304
45   47   17.368668      5.258807
15  167   14.959890      2.666706
32   34   14.312235      1.466646
16  169   13.607526      1.397923
33   35   12.605068     24.001372
17  171   10.796394      1.854645
14  163    9.727124      3.151541
36   41    9.200704      2.073298
29  299    7.599238      1.896431
59  803    7.595581      2.686664
19  175    7.113549      1.778143
41  427    6.822095      1.638959
31   33    5.626385      2.138201
28  297    5.505635      5.481346
13  161    2.295867     10.437399
23 RARE   12.183845      9.703320
[1] Aggregate click - C20              
---rare_index----[1] 158
	C20 summary.avg summary.count
22  100031   19.048820      1.205169
109 100148   18.632121      4.851875
1       -1   15.450921     43.552483
131 100176   11.640397      3.478721
116 100156    9.530578      1.924775
64  100084    8.880701      1.725400
144 100191    8.779083      1.353480
85  100111    8.112345      9.202723
145 100192    2.383592      1.472501
142 100189    2.201448      2.991738
146 100193    2.136808      4.461919
143 100190    2.073171      1.375169
169   RARE   10.984421     22.404048
[1] Aggregate click - C21              
---rare_index----[1] 41
	C21 summary.avg summary.count
14   15   21.088521      5.068723
33   23   19.348780     16.220264
38   32   18.582824      4.630314
43   48   17.763206      1.893722
47   68   16.446060      1.428930
31  221   14.518081      9.103402
40   42   12.171628      2.585869
52   79   11.895230      4.382887
16  157   11.517234      5.872015
56   91    9.565676      1.051571
41   43    8.676000      2.144909
44   51    7.777576      1.093397
32  229    7.595581      2.686664
15  156    7.485978      1.591866
29  212    6.664362      1.854658
46   61    6.476945     11.313121
34  246    4.665119      1.298317
50   71    2.890125     13.355478
39 RARE   13.746452     12.423893